1
3
5
7
9
10
11
71
89
100
500
555
559
618
861
999
1010
1027
1035
1036
1062
1149
1183
1190
1213
1234
1244
1249
1250
1296
1310
1314
1398
1400
1437
1440
1492
1493
1510
1513
1571
1580
1582
1590
1646
1652
1705
1707
1718
1730
1760
1761
1800
1824
1875
1878
1880
1900
1904
1935
1955
1961
1983
1984
2062
2065
2065
2066
2077
2090
2110
2112
2114
2133
2144
2145
2151
2154
2163
2173
2174
2175
2196
2207
2230
2250
2293
2300
2307
2327
2350
2355
2379
2382
2395
2439
2449
2452
2453
2461
2465
2474
2477
2498
2504
2510
2511
2512
2513
2532
2544
2550
2568
2582
2587
2592
2615
2621
2655
2668
2669
2684
2708
2713
2714
2717
2718
2733
2751
2755
2760
2769
2780
2782
2785
2790
2807
2822
2831
2832
2838
2840
2842
2848
2857
2867
2878
2899
2900
2909
2911
2912
2915
2917
2920
2927
2930
2934
2936
2937
2943
2948
2957
2968
2969
2970
2972
2973
2974
2990
2992
3018
3020
3021
3034
3050
3069
3082
3096
3102
3103
3110
3132
3133
3135
3169
3190
3191
3222
3223
3231
3245
3257
3263
3282
3292
3324
3329
3336
3345
3347
3363
3385
3391
3392
3394
3398
3400
3409
3415
3435
3456
3457
3472
3475
3520
3525
3562
3564
3578
3597
3601
3605
3621
3622
3625
3635
3648
3677
3678
3698
3706
3718
3729
3755
3788
3795
3813
3867
3870
3871
3880
3903
3913
3914
3921
3929
3930
3932
3939
3942
3958
3958
3959
3960
3962
3979
3987
3999
4028
4042
4052
4065
4066
4072
4080
4091
4101
4102
4103
4136
4139
4145
4164
4169
4170
4185
4193
4194
4196
4198
4209
4227
4230
4249
4252
4263
4275
4277
4278
4280
4293
4307
4325
4350
4360
4361
4439
4474
4476
4477
4557
4567
4589
4594
4600
4616
4656
4681
4684
4706
4707
4772
4784
4785
4813
4829
4841
4873
4874
4877
4901
4908
4915
4957
4971
4972
4974
4997
5003
5026
5041
5064
5076
5083
5084
5119
5121
5140
5143
5145
5147
5151
5154
5155
5155
5164
5167
5167
5169
5172
5174
5184
5188
5196
5220
5221
5222
5231
5240
5244
5247
5271
5287
5290
5291
5297
5313
5314
5336
5345
5358
5361
5371
5377
5386
5394
5398
5399
5419
5420
5468
5479
5490
5492
5495
5496
5504
5519
5525
5526
5530
5538
5541
5564
5568
5580
5584
5585
5600
5601
5602
5603
5604
5609
5613
5616
5617
5618
5620
5640
5642
5644
5645
5646
5653
5656
5665
5680
5688
5689
5690
5692
5693
5712
5713
5743
5753
5790
5798
5799
5818
5831
5846
5872
5881
5885
5890
5898
5899
5910
5916
5919
5921
5927
5938
5946
5950
5951
5953
5959
5963
5973
6012
6013
6023
6027
6028
6031
6034
6040
6064
6067
6071
6112
6163
6191
6203
6224
6225
6237
6257
6266
6285
6286
6296
6299
6300
6301
6311
6311
6329
6409
6414
7072
