1
2
3
4
5
6
8
9
11
20
25
38
51
56
58
115
140
175
236
239
322
324
328
334
349
350
518
546
574
578
616
617
618
631
643
647
665
670
698
704
707
750
780
783
796
811
818
820
821
823
826
829
847
856
868
872
873
877
881
890
897
904
920
933
934
949
950
951
962
965
967
995
996
1015
1025
1032
1036
1095
1102
1103
1109
1114
1120
1133
1137
1152
1153
1159
1172
1181
1188
1189
1200
1214
1231
1237
1246
1250
1257
1268
1280
1308
1313
1330
1335
1340
1355
1367
1385
1425
1430
1432
1435
1440
1490
1508
1517
1520
1522
1528
1534
1578
1595
1627
1645
1701
1709
1713
1719
1723
1727
1743
1757
1804
1845
1865
1873
1876
1900
1910
1916
1919
1926
1933
1944
1964
1994
2010
2034
2043
2108
2112
2118
2121
2129
2134
2144
2147
2150
2151
2152
2178
2199
2200
2202
2203
2235
2238
2239
2240
2243
2244
2255
2264
2289
2295
2305
2326
2330
2333
2339
2341
2343
2348
2351
2374
2379
2380
2399
2401
2403
2404
2440
2442
2443
2445
2446
2448
2455
2460
2473
2490
2491
2492
2493
2517
2518
2519
2520
2530
2531
2535
2547
2586
2600
2602
2604
2607
2632
2639
2647
2654
2659
2664
2667
2668
2684
2689
2721
2722
2729
2739
2746
2747
2748
2750
2760
2766
2800
2811
2814
2826
2834
2835
2840
2843
2866
2872
2873
2876
2884
2900
2902
2919
2921
2927
2960
2961
2970
3000
3049
3059
3063
3080
3081
3082
3087
3098
3103
3108
3116
3123
3131
3167
3171
3188
3191
3216
3218
3221
3222
3225
3235
3248
3254
3266
3276
3282
3286
3300
3307
3311
3313
3315
3318
3321
3340
3341
3342
3345
3350
3351
3353
3354
3355
3360
3363
3375
3378
3392
3396
3398
3400
3402
3419
3425
3433
3434
3436
3437
3445
3450
3453
3456
3460
3465
3474
3476
3485
3500
3505
3508
3509
3511
3512
3514
3546
3548
3577
3583
3600
3600
3616
3617
3626
3636
3664
3678
3690
3694
3704
3707
3708
3709
3732
3759
3765
3786
3800
3801
3804
3813
3817
3821
3822
3838
3841
3869
3870
3932
3937
3948
3960
3967
3968
3979
3981
3982
3987
3993
4003
4008
4013
4017
4018
4030
4031
4032
4033
4034
4035
4040
4067
4088
4092
4111
4122
4196
4217
4230
4231
4249
4250
4263
4277
4278
4296
4299
4301
4306
4307
4308
4313
4322
4329
4357
4361
4362
4379
4385
4386
4391
4394
4400
4408
4422
4425
4426
4453
4454
4455
4460
4462
4473
4476
4477
4489
4495
4506
4508
4522
4533
4535
4539
4540
4545
4554
4556
4560
4568
4569
4570
4578
4581
4587
4590
4600
4602
4603
4604
4605
4606
4608
4624
4635
4649
4650
4683
4684
4724
4751
4752
4768
4771
4779
4781
4801
4822
4833
4842
4852
4858
4862
4864
4865
4866
4867
4868
4882
4884
4906
4907
4908
4917
4922
4924
4926
4950
4959
4994
4999
5044
5053
5060
5081
5095
5108
5110
5116
5123
5128
5140
5161
5178
5179
5231
5243
5244
5245
5248
5252
5373
5404
