1
3
12
15
21
25
29
30
31
32
34
39
46
49
49
50
200
333
365
366
543
939
1144
1244
1287
1386
1589
1686
1767
1863
2051
2148
2166
2223
2302
2525
2559
2634
2640
2718
2735
2783
2900
2966
3000
3035
3109
3118
3130
3160
3161
3208
3228
3247
3249
3260
3279
3283
3468
3470
3471
3474
3510
3658
3786
3787
3853
3884
3907
3922
3981
4003
4004
4005
4035
4073
4075
4111
4114
4115
4222
4224
4296
4415
4481
4485
4510
4592
4700
4723
4741
4820
4834
4925
4975
5000
5005
5071
5158
5210
5217
5247
5272
5291
5357
5358
5397
5398
5447
5512
5541
5546
5559
5618
5710
5727
5747
5808
5810
5899
5900
5901
5919
5929
5970
5990
6054
6096
6150
6209
6218
6219
6222
6227
6334
6346
6461
6516
6573
6674
6676
6684
6698
6706
6721
6755
6799
6844
6860
6894
6900
6950
6971
7001
7014
7017
7108
7217
7222
7228
7500
7545
7567
7575
7590
7645
7656
7686
7706
7710
7767
7792
7887
7988
8030
8069
8070
8121
8122
8150
8196
8231
8235
8240
8304
8365
8395
8401
8430
8529
8532
8561
8578
8597
8598
8603
8617
8618
8619
8631
8650
8672
8674
8713
8714
8731
8773
8800
8835
8841
8873
8911
8948
9000
9005
9019
9056
9067
9174
9182
9291
9398
9464
9472
9497
9500
9524
9560
9576
9600
9630
9650
9689
9719
9721
9725
9771
9803
9837
9852
9861
9868
9924
9968
9971
10024
10028
10029
10031
10049
10051
10073
10133
10138
10210
10212
10230
10244
10267
10268
10284
10315
10318
10339
10355
10394
10451
10481
10498
10561
10585
10612
10624
10631
10647
10680
10727
10760
10799
10841
10850
10909
10922
10930
10979
11007
11016
11045
11070
11124
11184
11193
11227
11233
11286
11315
11337
11347
11450
11453
11455
11481
11552
11559
11598
11645
11656
11665
11670
11700
11722
11734
11743
11792
11804
11893
11894
11909
11920
11939
11963
11988
12006
12046
12048
12112
12168
12169
12175
12196
12203
12216
12226
12233
12234
12262
12384
12387
12406
12438
12453
12455
12503
12527
12566
12567
12572
12664
12677
12678
12679
12704
12725
12750
12774
12808
12835
12838
12851
12882
12934
12944
12945
12961
12972
12987
13000
13012
13077
13080
13089
13157
13172
13179
13246
13325
13350
13367
13372
13489
13490
13500
13501
13549
13555
13589
13601
13613
13636
13655
13680
13711
13720
13724
13770
13777
13876
13950
13955
13958
13965
13966
14032
14041
14070
14071
14114
14231
14232
14233
14234
14235
14236
14237
14238
14239
14260
14261
14262
14298
14299
14319
14385
14409
14496
14535
14553
14566
14580
14829
14844
14846
14886
14932
14940
14965
14970
15026
15050
15059
15069
15080
15081
15116
15136
15149
15184
15193
15194
15273
15371
15377
15390
15419
15460
15481
15580
15634
15636
15912
