1
2
3
4
5
6
10
34
99
217
240
243
338
363
400
408
417
424
478
511
581
607
624
629
655
668
695
748
750
753
764
810
811
838
849
856
858
867
872
901
908
910
911
922
923
924
929
965
967
992
1003
1023
1032
1048
1053
1054
1090
1119
1120
1122
1127
1151
1157
1226
1230
1252
1253
1262
1270
1271
1273
1274
1275
1276
1277
1278
1306
1342
1348
1359
1362
1370
1385
1411
1415
1420
1432
1447
1469
1486
1534
1596
1683
1685
1689
1702
1703
1704
1710
1739
1757
1758
1775
1776
1777
1789
1818
1842
1853
1871
1909
1942
1953
1965
1984
1998
2003
2014
2015
2016
2064
2107
2132
2133
2158
2159
2160
2169
2181
2183
2195
2203
2206
2209
2232
2247
2261
2264
2265
2266
2267
2281
2292
2302
2334
2343
2351
2358
2367
2369
2378
2386
2400
2414
2428
2431
2459
2460
2469
2472
2493
2500
2513
2516
2534
2535
2543
2570
2579
2604
2605
2607
2608
2610
2614
2616
2621
2631
2644
2646
2647
2652
2676
2696
2709
2748
2921
3000
3048
3097
3114
3116
3130
3146
3150
3209
3210
3258
3303
3485
3494
3526
3529
3546
3579
3580
3581
3582
3605
3616
3654
3682
3718
3736
3743
3783
3811
3849
3862
3874
3888
3892
3899
3910
3978
3989
4006
4057
4059
4060
4101
4103
4104
4105
4112
4151
4174
4193
4194
4250
4274
4276
4283
4300
4321
4328
4364
4380
4382
4427
4550
4558
4567
4569
4578
4579
4596
4658
4738
