1
2
3
4
5
6
7
8
9
10
11
39
70
117
123
125
260
325
351
361
394
436
450
483
497
535
541
553
558
584
587
614
618
622
632
655
660
665
666
667
668
699
715
716
728
729
743
823
830
831
842
845
889
896
917
925
926
927
937
956
961
961
988
994
995
999
1020
1022
1036
1058
1062
1075
1077
1091
1103
1122
1135
1139
1141
1157
1158
1159
1162
1170
1176
1215
1215
1216
1227
1240
1240
1250
1267
1271
1281
1295
1296
1323
1345
1347
1350
1358
1361
1362
1372
1380
1443
1445
1483
1499
1500
1506
1512
1527
1528
1530
1533
1555
1557
1561
1565
1595
1601
1617
1627
1642
1643
1655
1663
1670
1675
1691
1710
1713
1720
1745
1756
1776
1787
1788
1802
1804
1812
1815
1817
1818
1833
1834
1854
1858
1868
1872
1905
1915
1926
1934
1943
1944
1965
1976
1977
2002
2017
2020
2024
2027
2028
2029
2036
2043
2058
2066
2076
2086
2099
2107
2126
2127
2128
2130
2131
2137
2145
2149
2150
2161
2195
2198
2202
2204
2205
2219
2259
2268
2274
2275
2276
2277
2323
2337
2353
2363
2371
2372
2391
2394
2404
2405
2406
2418
2425
2428
2441
2459
2466
2491
2491
2492
2494
2500
2506
2511
2517
2519
2520
2525
2527
2539
2542
2546
2564
2566
2570
2579
2586
2589
2591
2606
2621
2650
2661
2684
2703
2738
2739
2740
2747
2754
2768
2770
2778
2803
2808
2814
2823
2824
2853
2854
2880
2884
2893
2907
2909
2924
2937
2941
2974
2976
2980
3005
3019
3021
3024
3060
3070
3074
3103
3107
3118
3120
3121
3136
3144
3159
3161
3166
3199
3200
3201
3215
3226
3230
3234
3237
3244
3259
3266
3267
3268
3286
3308
3322
3376
3391
3396
3415
3425
3431
3434
3448
3452
3456
3458
3461
3507
3517
3525
3536
3539
3540
3553
3562
3563
3564
3565
3580
3586
3592
3603
3604
3610
3643
3662
3666
3675
3676
3680
3719
3723
3727
3734
3754
3755
3756
3759
3760
3790
3793
3802
3814
3816
3820
3828
3832
3841
3845
3852
3870
3876
3900
3923
3936
3948
3953
3957
3994
4003
4039
4134
4137
4236
4278
4297
