2
3
5
6
7
24
26
41
45
46
83
152
240
267
267
273
325
361
367
515
523
634
647
678
684
698
798
803
807
850
933
992
1062
1105
1120
1135
1256
1417
1549
1613
1616
1755
1765
1772
1773
1797
1947
1960
1962
1991
2009
2131
2216
2217
2231
2278
2374
2385
2397
2410
2446
2530
2531
2571
2575
2609
2610
2615
2642
2652
2667
2668
2690
2728
2748
2767
2775
2786
2787
2792
2807
2810
2855
2972
3080
3086
3089
3102
3134
3136
3183
3193
3204
3210
3225
3230
3233
3304
3309
3350
3361
3381
3519
3547
3626
3695
3717
3826
3830
3865
3979
3992
4005
4015
4031
4118
4138
4302
4315
4316
4317
4318
4320
4321
4413
4414
4435
4438
4453
4457
4486
4487
4574
4619
4660
4679
4681
4691
4718
4719
4745
4800
4870
4871
4881
4899
4903
4923
4983
4984
5013
5016
5021
5055
5171
5230
5272
5759
5769
5771
