4
8
9
31
161
456
746
808
861
900
1029
1100
1257
1311
1362
1371
1400
1465
1520
1524
1526
1553
1635
1638
1647
1695
1776
1799
1856
1909
1937
1938
1946
1952
1953
1986
2021
2035
2120
2166
2241
2330
2414
2449
2501
2512
2526
2530
2559
2594
2614
2631
2643
2811
2812
2903
2930
2948
3020
3046
3071
3109
3112
3115
3132
3136
3146
3180
3191
3197
3200
3207
3208
3210
3231
3238
3239
3252
3275
3300
3319
3333
3337
3380
3398
3399
3400
3403
3404
3413
3420
3423
3432
3439
3454
3455
3462
3467
3471
3480
3481
3495
3499
3505
3512
3517
3518
3519
3520
3530
3534
3559
3566
3567
3568
3603
3637
3645
3663
3799
3809
3824
3849
3941
3948
3963
3973
3982
3991
3995
4011
4014
4034
4035
4043
4074
4083
4084
4119
4120
4121
4144
4169
4182
4209
4230
4241
4242
4264
4269
4326
4327
4331
4347
4353
4374
4400
4437
4468
4481
4482
4491
4500
4503
4522
4543
4559
4560
4566
4603
4608
4612
4613
4627
4688
4700
4709
4711
4717
4750
4755
4783
4786
4800
4805
4808
4814
4823
4829
4832
4861
4879
4927
4930
4940
4961
4995
5008
5015
5016
5106
5118
5121
5125
5133
5154
5158
5159
5161
5162
5203
5228
5238
5244
5252
5274
5288
5313
5320
5366
5427
5447
5470
5519
5539
5540
5543
5552
5555
5573
5595
5615
5617
5653
5659
5705
5706
5723
5735
5773
5789
5831
5834
5842
5872
5879
5890
5900
5906
5922
5930
5949
5962
5973
5976
5998
6005
6011
6016
6030
6046
6052
6055
6056
6068
6100
6113
6120
6121
6124
6133
6142
6149
6156
6159
6162
6168
6170
6171
6173
6181
6195
6198
6204
6211
6214
6250
6258
6260
6267
6272
6273
6294
6296
6297
6300
6307
6308
6313
6317
6323
6324
6329
6337
6338
6350
6355
6369
6370
6384
6444
6454
6457
6458
6485
6497
6514
6530
6542
6550
6590
6595
6598
6631
6645
6666
6670
6682
6685
6745
6755
6758
6762
6782
6793
6794
6812
6838
6862
6863
6872
6875
6877
6878
6892
6928
6942
6946
6954
6955
6956
6957
6967
6968
6972
6976
6978
6995
7019
7040
7044
7048
7072
7073
7092
7093
7094
7096
7102
7130
7140
7144
7145
7154
7158
7166
7187
7205
7292
7293
7316
7336
7340
7355
7356
7357
7367
7397
7439
7583
7592
7702
7765
12323
13015
