1
2
10
14
17
20
21
22
25
37
51
69
71
77
421
462
564
620
763
782
981
982
1000
1059
1104
1400
1486
1607
1636
1767
1861
1975
2099
2107
2187
2222
2230
2246
2261
2589
2744
2904
2933
2990
3153
3180
3298
3479
3490
3577
3694
3825
3831
3858
3926
3927
3932
4200
4204
4278
4293
4757
4758
4813
4862
4863
4871
4874
4974
5050
5163
5193
5200
5244
5356
5383
5385
5393
5445
5450
5451
5452
5463
5464
5529
5608
5610
5649
5683
5746
5749
5773
5777
5823
5858
5874
5898
5928
5932
5988
6129
6168
6175
6191
6288
6338
6370
6371
6388
6399
6452
6458
6574
6576
6602
6609
6628
6642
6668
6691
6708
6710
6717
6767
6768
6879
6912
7060
7077
7127
7130
7189
7200
7202
7265
7274
7277
7352
7445
7446
7447
7482
7500
7501
7507
7528
7612
7645
7670
7724
7730
7762
7780
7806
7824
7917
7935
7949
7950
7974
7976
8005
8023
8053
8070
8152
8193
8214
8217
8245
8258
8266
8346
8351
8352
8410
8449
8480
8510
8537
8538
8547
8548
8556
8606
8619
8658
8662
8760
8789
8813
8825
8860
8877
8916
8917
8920
8947
8949
9048
9055
9065
9090
9107
9130
9142
9256
9286
9341
9360
9409
9440
9456
9468
9474
9553
9590
9619
9639
9681
9682
9715
9726
9745
9989
10033
10088
10174
10203
10265
10294
10337
10397
10489
10511
10586
10614
10651
10688
10701
10710
10717
10952
10956
11010
11011
11031
11035
11088
11104
11105
11137
11216
11221
11251
11273
11295
11321
11324
11333
11354
11372
11385
11424
11441
11450
11452
11459
11475
11500
11510
11541
11546
11565
11575
11576
11666
11710
11714
11763
11771
11793
11822
11830
11845
11864
11873
11882
11897
11928
11929
11951
11955
11989
12000
12035
12066
12165
12261
12281
12356
12412
12435
12462
12466
12471
12473
12481
12503
12564
12565
12628
12684
12799
12855
12859
12891
12892
12898
12906
12920
12925
12993
13002
13025
13044
13053
13113
13157
13163
13221
13296
13320
13342
13364
13385
13455
13565
13631
13678
13790
13801
13810
13834
13839
13870
13919
13973
13988
13998
13999
14009
14012
14013
14079
14155
14172
14213
14214
14215
14217
14225
14255
14266
14344
14354
14368
14417
14434
14449
14462
14490
14494
14580
14592
14705
14715
14721
14722
14747
14780
14832
14856
14883
14892
14903
14920
14930
15000
15046
15124
15155
15205
15223
15263
15264
15276
15301
15323
15361
15404
15405
15418
15427
15461
15465
15472
15540
15544
15560
15572
15578
15580
15581
15582
15709
15736
15789
15903
15927
15928
15977
15987
16027
16032
16045
16090
16102
16136
16150
16168
16204
16215
16243
16371
16373
16420
16425
16596
16609
16757
16900
16901
16926
16982
16994
17045
17084
17085
17234
17409
17434
17468
17474
17488
17503
17504
17505
17597
17832
