3
4
5
6
8
9
22
29
240
310
366
418
513
516
525
609
610
744
748
800
810
841
899
996
1268
1316
1332
1461
1533
1541
1544
1613
1751
1815
1817
2123
2360
2361
2389
2419
2475
2520
2528
2601
2744
2830
2862
2863
2864
2985
3010
3045
3057
3058
3070
3100
3119
3130
3199
3283
3333
3645
3673
3768
3824
3893
3997
4096
4127
4128
4157
4241
4297
4312
4411
4437
4440
4682
4761
4772
4777
4830
4939
4954
4973
4975
5018
5020
5122
5252
5273
5293
5316
5318
5337
5348
5351
5384
5385
5386
5393
5417
5427
5429
5438
5441
5521
5522
5533
5576
5602
5631
5638
5647
5672
5682
5684
5782
5814
5825
5830
5835
5946
5970
6054
6061
6094
6095
6111
6134
6138
6143
6160
6162
6164
6166
6197
6406
6407
