2
7
9
11
36
37
50
61
69
71
80
92
106
110
113
126
143
174
208
213
243
252
256
263
270
274
275
292
305
311
406
419
427
457
474
491
517
518
530
551
555
600
602
626
650
657
666
682
689
701
703
705
707
717
725
743
790
791
826
846
853
855
891
897
922
924
925
926
957
961
964
977
980
990
991
995
1010
1019
1021
1029
1051
1070
1072
1131
1140
1153
1160
1185
1214
1215
1217
1235
1242
1244
1250
1262
1265
1270
1279
1288
1303
1306
1307
1315
1316
1328
1339
1340
1341
1344
1360
1381
1391
1392
1393
1420
1423
1425
1437
1442
1449
1468
1470
1474
1487
1493
1503
1512
1520
1522
1523
1528
1529
1531
1532
1533
1534
1535
1536
1537
1538
1539
1547
1566
1585
1613
1617
1651
1665
1678
1682
1724
1750
1752
1753
1771
1784
1785
1787
1794
1810
1811
1816
1829
1835
1860
1863
1871
1874
1883
1895
1928
1952
1972
1976
2008
2049
2053
2055
2056
2057
2075
2083
2084
2090
2093
2094
2097
2104
2108
2114
2142
2146
2159
2236
2266
2318
2384
2386
2389
2391
2401
2410
2411
2416
2420
2437
2440
2441
2444
2450
2452
2460
2463
2466
2467
2474
2481
2493
2503
2507
2522
2534
2539
2541
2543
2549
2553
2566
2570
2571
2579
2584
2600
2604
2616
2617
2640
2692
2693
2701
2704
2727
2759
2775
2777
2788
2789
2796
2802
2820
2821
2828
2833
2850
2883
2899
2905
2910
2915
2916
2939
2971
2981
2987
2990
3033
3034
3035
3036
3040
3046
3050
3067
3073
3074
3075
3077
3078
3079
3083
3085
3092
3100
3116
3151
3153
3156
3186
3189
3209
3229
3233
3259
3279
3336
3375
3384
3408
3447
3460
3470
3486
3498
3823
