1
2
3
11
14
15
23
113
150
151
153
165
189
245
272
274
476
485
597
627
719
762
824
877
878
925
1005
1019
1025
1046
1050
1054
1072
1097
1125
1136
1149
1156
1160
1161
1248
1250
1293
1356
1357
1374
1382
1383
1391
1416
1417
1424
1426
1427
1490
1501
1505
1508
1583
1584
1585
1589
1637
1689
1700
1708
1751
1753
1805
1828
1890
1920
1932
1940
1978
2005
2013
2056
2061
2062
2095
2127
2144
2145
2207
2237
2273
2279
2290
2307
2328
2329
2370
2386
2400
2468
2493
2537
2541
2559
2560
2610
2644
2666
2674
2677
2686
2764
2773
2774
2803
2804
2806
2809
2810
2812
2820
2825
2826
2840
2845
2864
2884
2974
2975
2986
