4
5
7
13
15
20
30
32
54
83
84
110
120
134
135
136
137
169
190
195
198
238
247
248
253
255
262
273
276
289
303
307
318
321
324
331
341
345
347
358
386
412
419
428
436
438
448
458
459
462
478
489
497
499
504
519
543
544
553
556
561
565
566
568
577
580
585
593
594
601
602
605
607
625
639
640
642
646
647
648
684
685
686
694
695
707
712
722
727
740
747
761
768
774
783
797
804
816
819
823
845
856
865
874
893
916
928
933
968
974
978
984
993
996
999
1006
1009
1036
1062
1067
1068
1076
1096
1109
1129
1140
1151
1153
1160
1178
1182
1191
1192
1198
1201
1215
1224
1225
1236
1245
1271
1272
1274
1277
1291
1310
1324
1338
1346
1347
1352
1379
1390
1400
1413
1425
1426
1430
1461
1484
1490
1504
1511
1512
1582
1606
1617
1630
1641
1655
1660
1672
1675
1676
1696
1704
1711
1712
1726
1727
1729
1735
1742
1751
1757
1766
1782
1793
1798
1824
1880
1883
1904
1912
1921
1939
1949
1960
1970
1971
1972
1974
1977
1981
1992
2006
2027
2028
2029
2044
2050
2056
2075
2088
2100
2104
2114
2153
2166
2167
2176
2205
2214
2215
2228
2240
2247
2254
2274
2283
2287
2292
2297
2304
2340
2354
2364
2393
2411
2415
2434
2455
2459
2461
2466
2494
2504
2516
2547
2575
2595
2602
2605
2613
2617
2628
2629
2630
2631
2645
2648
2692
2706
2724
2740
2748
2749
2753
2754
2782
2789
2807
2830
2834
2836
2840
2851
2857
2863
2884
2904
2924
2927
2936
2944
2946
2952
2995
3006
3029
3037
3045
3064
3094
3095
3099
3103
3155
3167
3176
3189
3194
3207
3209
3222
3266
