1
2
3
4
5
14
21
30
39
88
94
101
141
143
178
184
187
199
203
219
227
240
244
267
269
281
288
291
295
323
333
337
343
349
381
384
390
391
395
419
420
440
441
454
457
470
476
483
487
495
534
553
555
560
565
593
603
605
617
619
627
640
641
650
652
672
704
709
735
744
768
770
772
774
776
814
850
852
856
883
884
895
904
908
919
922
929
942
956
961
962
964
969
981
982
991
992
1004
1023
1026
1028
1048
1060
1085
1087
1090
1111
1114
1117
1120
1124
1136
1139
1144
1145
1147
1157
1159
1166
1180
1219
1221
1228
1237
1239
1244
1254
1260
1271
1277
1285
1316
1317
1318
1322
1324
1357
1359
1364
1372
1387
1394
1395
1396
1420
1423
1459
1470
1477
1494
1505
1508
1511
1514
1541
1556
1578
1594
1609
1632
1635
1643
1645
1664
1665
1675
1711
1718
1734
1735
1740
1745
1784
1788
1791
1794
1795
1800
1815
1816
1822
1830
1831
1839
1867
1890
1894
1897
1918
1935
1936
1952
1954
1956
1957
1959
1962
1965
1973
1994
2056
