2
4
6
12
25
26
59
61
82
92
96
247
254
257
260
280
300
303
313
314
326
331
342
353
371
374
486
507
509
544
557
558
573
577
578
579
608
622
625
661
662
682
692
720
735
757
758
761
798
832
881
886
900
928
931
935
974
976
1009
1036
1047
1059
1090
1122
1128
1134
1143
1144
1168
1186
1205
1206
1217
1233
1234
1255
1257
1259
1265
1272
1282
1283
1287
1292
1297
1344
1364
1383
1402
1427
1429
1452
1453
1501
1528
1536
1561
1568
1580
1593
1596
1606
1611
1650
1666
1673
1690
1692
1701
1712
1770
1788
1792
1798
1810
1816
1854
1886
1895
1901
1948
1993
2003
2028
2045
2071
2089
2097
2098
2106
2123
2132
2184
2236
2251
2255
2265
2274
2277
2285
2330
2346
2366
2367
2382
2398
2414
2448
2449
2481
2507
2520
2521
2522
2536
2549
2553
2583
2593
2603
2645
2697
2720
2733
2742
2764
2774
2775
2787
2796
2797
2807
2823
2839
2844
2845
2868
2869
2900
2901
2912
2936
2962
2967
3033
3041
3046
3059
3152
3165
