1
5
6
7
18
22
32
35
50
66
67
100
158
172
188
200
214
215
230
235
236
249
281
286
287
298
322
323
327
332
349
352
354
391
408
409
422
424
425
462
470
482
489
495
507
510
521
522
537
555
573
586
594
598
621
622
625
626
641
642
643
644
662
670
677
692
707
713
729
773
776
811
818
821
824
834
846
848
852
893
920
952
953
961
963
969
977
984
988
994
1136
1168
1172
1174
1236
1247
1267
1279
1281
1284
1302
1308
1310
1359
1361
1425
1438
1439
1457
1462
1466
1479
1483
1484
1508
1509
1513
1517
1537
1539
1541
1587
1597
1608
1626
1632
1654
1661
1662
1664
1678
1681
1716
1720
1730
1737
1849
1859
1883
1911
1926
1941
2003
2017
2028
2035
2042
2069
2078
2081
2115
2145
2150
2173
2184
2195
2212
2228
2230
2255
2258
2260
2273
2278
2304
2305
2310
2323
2327
2350
2359
2360
2363
2371
2386
2387
2425
2447
2466
2470
2477
2498
2515
2529
2532
2537
2548
2554
2555
2568
2578
2594
2597
2615
2635
2657
2662
2667
2672
2679
2709
2710
2711
2715
2718
2721
2760
2762
2812
2824
2847
2853
2862
2872
2893
2908
2910
2925
2926
2929
2931
2935
2981
3004
3007
3015
3037
3043
3045
3055
3056
3060
3065
3081
3084
3091
3105
3107
3119
3131
3133
3136
3137
3149
3166
3168
3184
3197
3201
3202
3205
3219
3221
3239
3267
3295
3308
3341
3344
3389
3418
3421
3422
3424
3428
3439
3440
3521
3553
3557
3618
3622
3625
3664
3688
3713
3734
3735
3741
3770
3799
3823
3853
3894
