1
3
4
5
6
7
9
11
13
14
15
22
32
33
36
37
38
39
40
49
50
59
70
100
151
158
210
268
271
284
287
294
300
316
318
343
352
354
355
356
367
371
372
373
386
394
398
411
417
424
425
426
433
440
444
470
472
498
502
504
517
518
544
581
583
585
590
596
597
603
606
607
663
707
723
754
755
775
782
795
798
800
804
821
837
863
870
872
873
893
896
905
914
915
916
917
921
923
925
929
935
966
972
974
978
1010
1017
1021
1033
1040
1041
1052
1064
1070
1081
1083
1090
1100
1103
1106
1109
1113
1115
1125
1128
1134
1136
1141
1148
1149
1160
1165
1167
1179
1191
1201
1234
1248
1264
1272
1283
1296
1314
1315
1317
1319
1328
1341
1351
1361
1379
1385
1386
1400
1401
1410
1416
1423
1435
1443
1472
1486
1501
1539
1541
1559
1560
1566
1570
1586
1630
1636
1641
1647
1672
1688
1694
1711
1724
1729
1733
1743
1744
1745
1751
1752
1759
1769
1775
1776
1815
1828
1841
1849
1861
1866
1868
1871
1875
1881
1884
1888
1903
1914
1916
1925
1933
1938
1939
1951
1954
1972
1977
1983
1988
1989
1994
2016
2045
2047
2048
2058
2060
2062
2067
2071
2072
2075
2089
2101
2106
2120
2135
2166
2176
2182
2188
2193
2228
2238
2239
2288
2297
2316
2335
2339
2360
2373
2408
2410
2413
2417
2432
2439
2465
2474
2482
2487
2490
2491
2493
2498
2506
2507
2510
2513
2519
2543
2551
2555
2581
2589
2619
2645
2651
2665
2673
2680
2681
2686
2702
2743
2744
2747
2754
2767
2770
2771
2772
2776
2784
2792
2794
2798
2812
2824
2830
2840
2844
2846
2848
2854
2868
2893
2904
2928
2938
2940
2957
2966
2970
2986
2993
2994
2999
3000
3007
3009
3011
3012
3032
3035
3044
3052
3057
3062
3066
3072
3108
3126
3164
3190
3202
3203
3209
3221
3231
3232
3234
3257
3265
3267
3270
3280
3286
3292
3311
3331
3341
3344
3353
3355
3362
3378
3394
3398
3433
3441
3458
3459
3473
3475
3481
3500
3511
3523
3528
3537
3569
3585
3586
3620
3639
3641
3647
3669
3679
3698
3699
3713
3717
3782
3792
3802
3817
3825
3830
3838
3867
3879
3917
3919
3922
3934
3943
3957
3976
3979
4016
4057
4076
4079
4121
4178
4194
4206
