8
27
37
40
43
44
47
49
51
63
100
104
124
140
178
184
209
245
259
272
274
277
293
356
366
367
377
391
408
409
410
415
426
430
431
442
444
457
475
484
489
501
519
563
583
592
616
635
638
655
680
689
725
728
781
796
801
802
816
817
818
822
827
837
850
865
876
881
883
895
899
942
947
957
959
960
974
979
995
998
1003
1006
1017
1029
1042
1043
1047
1065
1077
1078
1080
1114
1128
1132
1134
1147
1160
1181
1195
1200
1205
1206
1209
1210
1218
1225
1262
1264
1271
1279
1282
1283
1284
1285
1309
1361
1404
1416
1418
1429
1433
1437
1452
1455
1487
1514
1517
1527
1544
1560
1562
1566
1567
1570
1574
1578
1603
1615
1639
1671
1702
1714
1730
1744
1750
1752
1762
1774
1815
1816
1831
1835
1840
1848
1851
1855
1858
1860
1884
1887
1907
1915
1917
1937
1965
1978
1999
2036
2045
2057
2069
2083
2129
2143
2179
2180
2184
2203
2216
2230
2245
2247
2250
2255
2272
2281
2294
2295
2324
2334
2345
2395
2405
2407
2414
2422
2443
2444
2477
2489
2506
2507
2515
2536
2572
2574
2575
2592
2610
2638
2683
2701
2703
2706
2714
2715
2716
2747
2752
2760
2770
2792
2798
2799
2807
2824
2827
2850
2878
2914
2951
