2
3
4
5
6
12
15
21
25
33
39
55
58
64
107
160
173
204
207
210
211
218
221
232
237
242
243
244
250
257
260
272
279
296
313
318
320
321
323
330
331
335
341
347
349
351
360
367
374
391
419
429
430
431
433
455
468
469
471
474
479
493
509
533
543
544
570
578
591
596
600
618
635
640
646
652
668
676
680
725
741
756
757
758
759
775
786
790
792
838
865
868
869
884
909
914
921
965
975
976
1002
1010
1012
1029
1034
1036
1040
1081
1095
1100
1106
1121
1128
1132
1138
1145
1146
1150
1156
1164
1176
1179
1184
1187
1204
1207
1208
1209
1216
1220
1225
1227
1241
1247
1256
1275
1292
1297
1306
1325
1330
1358
1367
1392
1400
1405
1410
1423
1435
1462
1475
1504
1507
1521
1523
1527
1528
1530
1532
1539
1553
1554
1569
1571
1577
1579
1583
1595
1597
1623
1628
1671
1675
1696
1699
1720
1722
1729
1742
1745
1752
1754
1777
1872
1895
1901
1902
1933
1936
1942
1944
1958
1981
1985
1987
2016
2038
2041
2042
2043
2044
2050
2055
2060
2062
2064
2131
2141
2166
2184
2198
2201
2236
2266
2279
2297
2302
2305
2320
2322
2323
2398
2399
2403
2481
2482
2494
2512
2522
2528
2532
2566
2575
2608
2641
2642
2647
2649
2652
2656
2681
2700
2701
2702
2733
2752
2759
2760
2761
2766
2776
2783
2826
2834
2837
2849
2851
2864
2870
2875
2877
2880
2899
2941
2944
2952
2969
2970
2973
2977
2991
3006
3008
3026
3031
3065
3096
3108
3114
3118
3131
3134
3144
3157
3163
3235
3242
3282
3294
3312
3325
3338
3365
