1
3
4
5
20
21
24
25
55
171
185
208
221
228
244
253
257
262
277
286
318
331
336
338
340
345
349
366
382
384
400
404
412
414
422
423
424
431
442
455
460
471
473
476
479
486
491
500
539
540
544
557
560
568
574
575
578
587
596
604
608
612
616
636
646
646
647
654
656
670
680
680
687
714
716
717
720
725
729
732
738
767
775
778
783
784
798
801
825
827
839
843
846
885
898
919
921
922
924
978
990
991
993
994
1003
1008
1020
1030
1037
1040
1052
1070
1079
1086
1099
1113
1114
1125
1126
1130
1134
1150
1162
1165
1179
1203
1218
1224
1225
1226
1231
1273
1274
1275
1281
1283
1284
1298
1299
1301
1304
1312
1318
1326
1333
1335
1350
1361
1405
1406
1413
1432
1458
1467
1485
1487
1488
1490
1491
1493
1501
1508
1510
1512
1513
1517
1521
1522
1523
1527
1534
1535
1545
1546
1547
1548
1560
1569
1579
1580
1586
1587
1588
1597
1607
1614
1618
1620
1626
1627
1633
1636
1639
1640
1654
1657
1664
1667
1668
1670
1672
1685
1697
1732
1743
1757
1762
1766
1767
1770
1777
1780
1782
1785
1789
1814
1822
1824
1834
1848
1852
1857
1881
1882
1884
1887
1895
1902
1904
1908
1913
1920
1926
1927
1930
1935
1948
1963
1970
1981
1985
1991
1995
2000
2002
2004
2019
2024
2042
2049
2050
2056
2060
2067
2069
2075
2082
2084
2087
2094
2095
2100
2111
2121
2125
2132
2134
2137
2156
2170
2182
2218
2224
2233
2243
2251
2257
2269
2272
2275
2276
2277
2281
2313
2325
2330
2336
2341
2344
2345
2351
2372
2373
2375
2406
2407
2418
2433
2438
2455
2460
2466
2467
2478
2509
2534
2559
