1
2
9
10
11
12
52
57
76
79
83
85
129
136
142
184
223
237
247
249
305
314
316
321
328
332
341
368
373
382
387
406
415
430
431
432
437
438
442
473
477
490
492
496
508
512
514
533
538
539
548
549
555
557
558
570
571
592
593
623
626
643
659
661
675
677
702
724
742
743
744
748
778
790
794
795
800
801
809
814
825
827
828
837
839
850
853
857
858
860
861
864
865
866
887
889
907
908
938
945
952
999
1004
1009
1041
1048
1067
1068
1081
1085
1108
1127
1128
1134
1139
1156
1158
1164
1174
1184
1196
1200
1217
1220
1233
1236
1243
1265
1267
1274
1287
1293
1301
1308
1323
1327
1343
1344
1350
1360
1366
1389
1394
1402
1406
1409
1417
1419
1420
1441
1452
1459
1464
1475
1480
1481
1485
1486
1493
1507
1511
1516
1518
1523
1539
1542
1544
1554
1579
1600
1611
1613
1614
1616
1626
1632
1645
1655
1663
1665
1667
1668
1691
1721
1727
1729
1748
1776
1788
1793
1800
1801
1814
1817
1846
1851
1863
1865
1882
1883
1885
1886
1894
1904
1920
1923
1937
1950
1966
1979
1986
1987
1988
1993
1994
2011
2022
2030
2035
2037
2042
2047
2049
2051
2057
2073
2084
2097
2100
2101
2104
2111
2114
2134
2140
2148
2158
2162
2165
2167
2180
2201
2205
2209
2213
2214
2215
2221
2222
2223
2229
2231
2238
2252
2256
2270
2283
2284
2305
2320
2337
2344
2353
2355
2361
2365
2366
2367
2378
2380
2385
2393
2402
2408
2424
2443
2449
2455
2470
2473
2477
2488
2527
2544
2549
2554
2560
2561
2570
2607
2619
2641
2647
2653
2658
2662
2680
2693
2701
2723
2742
2746
2749
2751
2756
2757
2763
2776
2789
2810
2838
2840
2843
2848
2852
2889
