1
7
25
49
63
114
158
234
255
267
270
271
300
304
326
391
398
414
417
468
506
508
509
533
537
601
648
675
691
694
708
720
730
734
736
754
786
799
801
809
810
815
816
817
821
823
831
840
841
842
854
863
864
881
884
895
898
904
907
908
909
917
921
923
929
943
951
956
960
974
995
1000
1003
1007
1017
1018
1021
1024
1029
1030
1070
1080
1086
1090
1095
1096
1097
1098
1099
1100
1103
1112
1119
1127
1131
1138
1141
1155
1181
1182
1186
1193
1194
1196
1197
1199
1200
1204
1205
1207
1210
1211
1213
1224
1230
1249
1274
1278
1310
1322
1365
1377
1395
1402
1407
1408
1409
1422
1437
1442
1444
1446
1475
1483
1493
1500
1501
1503
1519
1533
1538
1549
1554
1593
1606
1620
1628
1629
1630
1633
1640
1643
1647
1662
1688
1692
1698
1700
1701
1703
1706
1716
1717
1720
1721
1722
1730
1739
1743
1751
1758
1760
1765
1785
1802
1844
1851
1857
1867
1873
1879
1880
1915
1929
1937
1939
1940
1946
1957
1964
1965
1992
1999
2000
2024
2036
2059
2061
2080
2094
2109
2110
2118
2130
2133
2144
2148
2158
2172
2177
2181
2198
2211
2222
2226
2237
2240
2248
2252
2254
2260
2273
2297
2301
2305
2309
2311
2314
2320
2332
2333
2336
2349
2352
2363
2365
2372
2375
2385
2386
2390
2392
2398
2411
2420
2430
2432
2457
2480
2487
2493
2494
2499
2526
2551
2552
2562
2572
2574
2575
2577
2581
2586
2590
2604
2606
2607
2608
2620
2623
2631
2651
2652
2658
2673
2710
2715
2774
2801
2805
2807
2812
2827
2852
2863
2879
2899
2911
2913
2914
2916
2917
2920
2936
2939
2948
2951
2953
2956
2960
2978
3006
3037
3041
3043
3044
3048
3052
3072
3074
3075
3079
