1
2
4
5
7
8
358
436
514
658
674
705
754
910
1173
1229
1230
1231
1249
1309
1315
1351
1363
1473
1540
1573
1891
1892
1905
1938
1954
2017
2055
2072
2096
2112
2150
2218
2219
2250
2309
2354
2401
2434
2445
2553
2560
2576
2584
2596
2608
2682
2693
2752
2779
2832
3070
3078
3079
3080
3283
3408
3523
3606
3630
3765
3834
4014
4078
4257
4310
4348
4382
4383
4405
4471
4480
4628
4970
5325
5326
5651
5740
5743
5854
5855
5856
5857
5882
5949
5972
5973
6020
6079
6082
6083
6091
6156
6168
6429
6625
6684

































































































































































































































































































































































































































































































































































































































































































































































































































































































































