1
2
3
5
6
7
8
9
22
26
37
50
158
160
185
240
308
348
351
399
427
511
527
547
596
597
622
623
625
636
639
644
680
699
702
707
719
720
742
749
805
870
879
880
885
918
932
955
1076
1090
1105
1174
1190
1210
1217
1266
1283
1295
1309
1314
1335
1371
1439
1461
1462
1560
1732
1735
1737
1748
1770
1777
1994
2028
2029
2039
2048
2050
2146
2250
2262
2289
2303
2393
2518
2576
2577
2578
2596
2646
2666
2685
2734
2745
2772
2802
2822
2888
2898
2903
2944
2995
3009
3012
3020
3038
3049
3128
3134
3185
3189
3236
3251
3382
3429
3495
3504
3516
3537
3573
3590
3594
3713
3716
3762
3763
3765
3793
3818
3882
3940
3979
4018
4038
4041
4127
4247
4377
4441
4450
4456
4718
4782
4847
4890
4909
4955
4974
5003
5054
5055
5221
5278
5283
5293
5323
5325
5351
5365
5465
5485
5538
5616
5631
5757
5931
5983
6094
