1
2
3
7
8
10
11
15
29
39
50
75
94
101
112
116
130
422
583
692
959
1037
1139
1404
1464
1609
1614
1680
1746
1828
1862
1863
1930
2176
2500
2521
2647
2777
2852
2992
3131
3161
3199
3340
3350
3365
3387
3454
3455
3477
3603
3702
3712
3730
3736
3744
3753
3813
3815
3816
3839
3843
3946
4018
4049
4088
4250
4263
4287
4297
4444
4539
4544
4693
4727
4740
4746
4800
4876
4877
4895
4962
4974
4975
4976
4991
5025
5027
5037
5045
5052
5146
5157
5262
5263
5264
5285
5289
5294
5306
5322
5383
5400
5465
5502
5632
5638
5675
5742
5840
5885
5959
5970
6010
6044
6075
6088
6111
6135
6138
6161
6179
6197
6225
6362
6405
6415
6503
6536
6566
6575
6655
6666
6669
6683
6689
6692
6693
6706
6714
6715
6761
6782
6790
6794
6796
6803
6804
6805
6810
6823
6827
6831
6869
6884
6893
6900
6951
6954
6967
6990
7010
7073
7108
7132
7171
7200
7308
7345
7401
7442
7552
7553
7554
7555
7556
7557
7558
7577
7589
7636
7700
7701
7738
7769
7792
7797
7814
7819
7843
7885
7893
7897
7932
7933
7940
8059
8124
8149
8175
8200
8281
8282
8283
8287
8288
8297
8309
8331
8333
8336
8346
8390
8394
8410
8422
8423
8444
8494
8518
8533
8588
8638
8648
8681
8698
8701
8729
8753
8798
8813
8853
9000
9005
9030
9090
9146
9179
9214
9232
9251
9262
9278
9279
9282
9290
9297
9346
9354
9370
9375
9400
9418
9434
9486
9518
9531
9600
9622
9705
9710
9717
9718
9757
9794
9937
9982
9986
9998
10076
10126
10173
10210
10255
10285
10532
10569
10570
10578
10584
10587
10711
10729
10730
10732
10754
10787
10792
10823
10878
10882
10883
10899
10909
10929
10950
10965
10969
10979
11002
11003
11005
11137
11153
11180
11192
11226
11274
11280
11291
11302
11315
11318
11329
11370
11392
11400
11401
11445
11455
11465
11488
11493
11504
11518
11545
11580
11610
11622
11655
11657
11686
11704
11711
11713
11733
11776
11777
11778
11779
11823
11827
11832
11877
11886
11889
11890
11922
11941
11942
11979
11983
11986
11998
12005
12021
12028
12050
12051
12101
12106
12157
12162
12163
12222
12240
12250
12255
12299
12303
12347
12348
12355
12370
12393
12426
12432
12433
12441
12442
12443
12452
12460
12467
12486
12505
12508
12509
12511
12514
12536
12559
12584
12598
12602
12602
12605
12611
12625
12641
12647
12728
12736
12841
12860
12874
12893
12917
12927
12928
12929
12930
12931
12932
12933
12934
12935
12936
12973
12993
13007
13015
13048
13059
13097
13125
13126
13230
13331
13335
13340
13349
13356
13369
13385
13467
13468
13471
13488
13500
13511
13514
13553
13559
13570
13611
13635
13650
13655
13676
13688
13745
13750
13778
13817
13835
13850
14042
14072
14089
14104
14279
