1
2
3
5
7
13
14
18
20
24
25
29
45
51
66
91
94
150
188
215
237
293
303
315
402
422
467
486
498
505
525
536
556
598
634
639
643
672
695
711
717
736
743
765
770
828
840
849
876
882
901
911
932
939
968
971
972
975
982
987
996
1013
1046
1048
1056
1154
1180
1199
1208
1223
1224
1225
1231
1233
1236
1248
1249
1278
1300
1307
1312
1334
1335
1349
1354
1358
1359
1391
1396
1415
1432
1454
1457
1463
1465
1466
1467
1484
1486
1487
1502
1549
1553
1553
1594
1595
1602
1608
1609
1620
1622
1630
1636
1659
1661
1663
1668
1675
1677
1692
1714
1722
1725
1750
1759
1763
1786
1840
1864
2002
2022
2039
2042
2061
2072
2087
2088
2095
2140
2190
2216
2273
2281
2309
2323
2325
2331
2364
2365
2372
2392
2402
2421
2427
2437
2442
2448
2459
2460
2461
2467
2469
2494
2497
2511
2539
2544
2550
2567
2570
2584
2587
2637
2646
2647
2655
2666
2668
2675
2690
2696
2700
2710
2712
2742
2748
2771
2780
2788
2793
2840
2869
2883
2891
2916
2921
2926
2929
2939
2946
2965
2978
2984
2989
2990
2991
3000
3004
3012
3014
3015
3024
3026
3027
3028
3030
3033
3042
3045
3046
3053
3069
3072
3095
3123
3134
3139
3155
3193
3199
3200
3259
3265
3270
3275
3277
3281
3282
3299
3300
3315
3338
3341
3344
3349
3368
3385
3386
3390
3394
3398
3402
3406
3443
3445
3508
3520
3532
3533
3550
3562
3566
3581
3589
3607
3610
3611
3614
3628
3630
3634
3641
3656
3657
3660
3684
3695
3699
3700
3703
3719
3729
3743
3746
3752
3774
3789
3792
3805
3826
3847
3848
3896
3898
3910
3929
3950
3952
3959
3960
3969
3977
3979
4000
4010
4030
4039
4060
4073
4081
4087
4088
4089
4100
4111
4130
4141
4165
4193
4195
4225
4238
4245
4267
4273
4279
4300
4308
4323
4328
4329
4330
4333
4379
4380
4390
4404
4445
4450
4470
4477
4487
4496
4498
4506
4520
4521
4550
4557
4570
4585
4608
4610
4611
4636
4638
4643
4653
4716
4739
4765
4770
4785
4790
4793
4808
4825
4848
4867
4888
4939
4952
4974
4982
4984
4986
5002
5019
5020
5021
5041
5042
5050
5064
5067
5069
5072
5075
5098
5111
5112
5113
5114
5115
5124
5131
5146
5149
5153
5158
5170
5200
5209
5229
5231
5235
5237
5241
5257
5258
5267
5268
5269
5271
5292
5295
5311
5313
5314
5316
5325
5326
5350
5370
5381
5390
5397
5399
5400
5401
5416
5419
5422
5428
5431
5432
5498
5520
5558
5560
5567
5589
5590
5598
5599
5610
5611
5649
5661
5679
5687
5693
5702
5725
5731
5732
5740
5747
5755
5756
5769
5803
5835
5855
5889
5891
5901
5909
5931
5932
5962
