1
3
4
6
7
8
10
256
333
476
503
586
622
741
860
863
931
1088
1140
1241
1542
1552
1619
1646
1765
1794
1831
1836
1862
1877
1885
1900
1914
1954
2047
2052
2069
2120
2143
2146
2149
2175
2213
2215
2216
2217
2299
2311
2315
2330
2341
2356
2360
2436
2460
2500
2505
2506
2511
2563
2581
2586
2587
2590
2602
2603
2608
2620
2646
2647
2722
2833
2869
2871
2883
2884
2887
2888
2904
2926
2941
2944
2950
2975
2983
2998
3004
3005
3008
3009
3010
3026
3061
3090
3108
3129
3150
3162
3210
3231
3253
3275
3295
3338
3448
3450
3525
3529
3580
3609
3645
3669
3694
3717
3762
3763
3764
3892
3969
3983
4019
4090
4092
4477
4545
4546
4547
4560
4600
4623
4628
4635
4679
4691
4737
4775
4800
4823
4931
4954
4965
4988
5005
5010
5011
5018
5063
5093
5095
5118
5120
5121
5263
5320
5410
5422
5431
5469
5472
5506
5521
5558
5559
5605
5651
5710