1
2
11
12
157
384
598
627
629
679
915
1105
1106
1242
1256
1318
1388
1586
1886
2101
2194
2346
2378
2410
2454
2647
2701
2749
2751
2847
2868
2892
2918
2920
2965
2996
2997
3081
3082
3170
3183
3221
3288
3293
3326
3435
3534
3548
3590
3792
3845
3961
3962
4154
4173
4213
4314
4691
4783
4851
4853
4872
4899
4994
5114
5116
5136
5175
5281
5297
5504
5712
5781
5822
5850
5875
6080
6473
6523









































