1
2
4
5
6
7
8
10
21
49
100
238
246
247
303
522
534
760
766
975
999
1036
1104
1115
1119
1261
1298
1307
1308
1320
1350
1373
1425
1463
1531
1559
1588
1644
1652
1731
1738
1769
1770
1776
1779
1828
1835
1904
1950
1997
2028
2088
2115
2122
2143
2144
2185
2210
2214
2297
2351
2417
2420
2427
2443
2465
2473
2515
2555
2556
2557
2559
2572
2596
2622
2657
2658
2660
2673
2691
2739
2754
2765
2799
2800
2828
2844
2859
2861
2896
2898
2929
2989
3108
3160
3161
3193
3214
3289
3313
3365
3521
3549
3550
3551
3574
3717
3797
3831
3879
3971
3973
3994
4077
4181
4200
4227
4251
4275
4279
4280
4341
4359
4496
4501
4503
4518
4520
4548
4567
4567
4568
4613
4614
4634
4661
4754
4755
4759
4766
4772
4818
4837
4842
4850
5005
5006
5025
5041
5082
5107
5150
5419
