1
6
7
8
10
20
37
44
47
99
237
281
325
360
505
574
585
607
700
739
822
862
935
945
1025
1027
1028
1035
1046
1083
1096
1097
1108
1116
1189
1197
1210
1232
1236
1239
1247
1251
1267
1309
1349
1369
1381
1383
1400
1404
1408
1409
1420
1426
1452
1460
1523
1524
1534
1538
1555
1562
1609
1614
1616
1617
1650
1698
1699
1711
1714
1780
1786
1787
1802
1847
1866
1868
1869
1872
1915
1920
1948
1957
2005
2032
2062
2068
2092
2095
2100
2113
2121
2205
2211
2237
2246
2253
2266
2268
2288
2290
2348
2356
2369
2370
2372
2373
2378
2385
2397
2401
2409
2410
2417
2418
2419
2422
2434
2436
2443
2451
2453
2466
2468
2475
2482
2540
2577
2591
2600
2630
2635
2638
2672
2702
2707
2735
2787
2796
2798
2800
2811
2817
2826
2851
2868
2942
2957
2958
2959
2965
2999
3008
3010
3011
3035
3036
3037
3038
3042
3067
3080
3101
3128
3129
3131
3132
3166
3174
3228
3244
3244
3247
3248
3263
3272
3290
3296
3302
3327
3372
3384
3408
3414
3424
3452
3453
3454
3456
3492
3498
3500
3510
3511
3515
3525
3530
3559
3570
3605
3606
3614
3622
3629
3640
3643
3653
3660
3667
3670
3692
3700
3721
3722
3737
3777
3792
3810
3837
3838
3852
3878
3917
3918
3919
3974
3992
3993
3994
4006
4021
4033
4055
4061
4116
4151
4154
4174
4175
4184
4188
4198
4208
4252
4276
4300
4316
4329
4332
4333
4350
4354
4370
4384
4392
4403
4420
4421
4422
4428
4428
4463
4510
4515
4567
4574
4600
4613
4650
4691
4701
4708
4709
4712
4718
4728
4738
4742
4746
4750
4754
4759
4783
4800
4827
4838
4843
4862
4868
4899
4917
4952
4961
5047
5050
5052
5069
5073
5081
5161
5162
5166
5167
5175
5176
5177
5203
5205
5217
5225
5230
5233
5234
5242
5259
5266
5288
5294
5299
5300
5313
5316
5334
5339
5352
5378
5393
5394
5395
5398
5406
5407
5426
5438
5465
5484
5490
5495
5496
5508
5520
5536
5540
5541
5546
5548
5564
5565
5576
5595
5613
5635
5664
5705
