2
4
5
6
7
8
10
17
21
45
86
98
99
111
117
202
216
254
325
350
354
417
434
472
486
506
507
665
669
701
717
744
772
775
782
800
808
814
815
833
850
851
853
894
895
928
929
957
973
974
975
984
1000
1009
1010
1027
1032
1057
1064
1073
1074
1081
1082
1095
1102
1141
1143
1150
1152
1161
1180
1211
1218
1244
1248
1259
1283
1291
1300
1304
1342
1355
1401
1402
1469
1480
1501
1530
1554
1555
1569
1580
1604
1644
1654
1656
1658
1664
1691
1714
1750
1757
1761
1776
1793
1802
1833
1835
1867
1875
1883
1905
1906
1907
1922
1995
2031
2032
2036
2041
2042
2043
2044
2045
2046
2047
2083
2084
2089
2116
2122
2130
2255
2260
2300
2415
2418
2436
2456
2457
2465
2466
2488
2490
2528
2536
2559
2561
2561
2580
2587
2605
2606
2607
2614
2616
2646
2668
2670
2679
2684
2687
2705
2723
2764
2824
2848
2860
2884
2909
2923
2926
2931
2942
2944
2987
2990
3036
3037
3064
3070
3073
3075
3081
3085
3125
3164
3165
3192
3194
3196
3222
3244
3252
3301
3419
3421
3422
3423
3424
3426
3427
3428
3443
3456
3485
3519
3594
3615
3616
3617
3660
3707
3709
3767
3772
3814
3846
3859
3908
3908
3916
3983
4022
4045
4047
4049
4051
4055
4094
4102
4118
4141
4194
4205
4227
4365
4368
4380
4392
4402
4419
4425
4444
4461
4475
4516
4530
4541
4548
4576
4577
4578
4585
4601
4621
4635
4678
4680
4690
4697
4705
4717
4733
4740
4762
4766
4810
4811
4843
4844
4850
4860
4864
4865
4866
4871
4919
4923
4942
4971
4986
5117
5130
5164
5173
5203
5239
5261
5291
5362
5483
5540
5630
5633
5640
