1
2
3
4
5
6
493
556
580
720
743
800
920
976
980
985
1108
1309
1338
1400
1401
1424
1427
1429
1433
1495
1585
1591
1682
1852
1905
1908
2082
2095
2206
2207
2237
2316
2317
2419
2638
2641
2642
2643
2669
2674
2720
2761
2764
2771
2826
2829
2831
2881
2895
2900
2956
3043
3074
3093
3121
3161
3162
3195
3221
3222
3315
3356
3580
3609
3678
3688
3773
3776
3837
3915
3919
3959
3963
3970
3996
3997
4040
4137
4156
4299
4351
4986
5140
5264
5349
5351
5501
5658
5715
5719
5720
5724
5749
5959
6003
6049
6052
6124
6251
6275
6304
6327
6331
6346
6377
6500
6515
6532
6599
6604
6867
6889
6899
6947
6983
7005
7006
7060
7081
7110
7222
7321
7322
7323
7324
