1
2
3
4
5
6
7
9
11
12
14
15
20
22
25
26
67
74
101
172
251
316
321
325
328
355
393
404
429
450
481
500
531
534
550
555
556
585
598
611
645
661
693
707
751
769
770
776
787
805
842
848
917
918
939
944
967
972
991
1046
1047
1063
1066
1087
1096
1103
1107
1108
1126
1175
1202
1206
1221
1236
1241
1252
1253
1281
1282
1300
1303
1304
1305
1309
1315
1316
1320
1330
1341
1367
1375
1380
1400
1415
1426
1435
1455
1470
1476
1489
1502
1505
1523
1527
1538
1543
1559
1578
1590
1602
1604
1637
1674
1717
1724
1727
1750
1776
1885
1987
1988
1989
1998
2038
2039
2056
2074
2082
2092
2094
2100
2122
2123
2130
2144
2152
2162
2164
2194
2212
2251
2263
2280
2282
2311
2313
2321
2330
2369
2372
2387
2399
2404
2407
2426
2427
2431
2450
2454
2463
2482
2506
2507
2508
2519
2521
2571
2597
2607
2608
2614
2621
2622
2629
2637
2686
2698
2699
2707
2720
2722
2731
2735
2763
2775
2777
2782
2801
2829
2835
2837
2838
2840
2851
2890
2893
2900
2919
2921
2929
2936
2941
2942
2950
2965
2966
2967
2969
2972
2977
2997
3011
3029
3030
3033
3034
3040
3045
3048
3049
3053
3057
3066
3082
3083
3088
3090
3160
3161
3168
3201
3203
3204
3209
3215
3236
3243
3247
3258
3259
3263
3280
3282
3291
3298
3300
3313
3320
3327
3337
3341
3347
3350
3359
3360
3365
3371
3381
3394
3401
3407
3409
3414
3428
3435
3450
3475
3476
3486
3489
3490
3507
3508
3515
3519
3531
3543
3553
3554
3565
3575
3581
3591
3595
3596
3601
3603
3604
3606
3613
3614
3626
3635
3642
3645
3673
3681
3698
3705
3711
3724
3732
3735
3742
3749
3750
3768
3807
3809
3836
3837
3839
3842
3844
3848
3850
3860
3865
3905
3909
3927
3940
3975
4004
4014
4045
4059
4073
4095
4111
4151
4156
4165
4168
4178
4200
4209
4210
4241
4244
4250
4276
4287
4312
4313
4318
4323
4325
4327
4329
4333
4342
4364
4366
4394
4400
4412
4471
4484
4485
4500
4542
4547
4551
4557
4559
4567
4653
4691
4704
4706
4707
4718
4722
4727
4739
4760
4764
4773
4784
4797
4797
4801
4850
4899
4906
4990
4991
4996
5000
5006
5008
5013
5055
5069
5087
5095
5096
5099
5100
5132
5191
5192
5193
5194
5229
5231
5237
5238
5254
5257
5258
5259
5260
5269
5272
5304
5316
5318
5323
5324
5325
5326
5328
5333
5334
5343
5344
5346
5350
5360
5368
5373
5377
5397
5400
5414
5419
5427
5428
5429
5465
5466
5475
5481
5483
5487
5488
5495
5502
5503
5504
5514
5517
5518
5555
5557
5617
5620
5630
5633
5634
5637
5638
5639
5640
5641
5642
5643
5644
5645
5647
5648
5649
5650
5653
5655
5656
5657
5658
5659
5660
5661
5673
5674
5676
5677
5678
5679
5702
5726
5730
5739
5752
5753
5754
5760
5792
5798
5814
5835
5840
5851
5928
5933
5938
5952
5954
5999
6018
6020
6022
6048
6050
6056
6093
6094
6125
6129
6133
6135
6167
6168
6181
6182
6183
6184
6185
6191
