1
2
3
4
5
11
25
27
28
39
82
90
145
148
162
176
177
281
387
396
435
442
515
558
568
585
586
588
613
618
639
791
799
812
900
921
925
940
953
1039
1051
1054
1056
1063
1082
1085
1101
1115
1119
1122
1154
1155
1157
1158
1162
1163
1171
1207
1212
1226
1245
1272
1280
1281
1287
1290
1307
1315
1320
1326
1327
1340
1393
1400
1414
1444
1451
1467
1495
1504
1509
1510
1516
1517
1520
1531
1570
1580
1612
1623
1630
1631
1659
1720
1746
1748
1777
1801
1803
1807
1811
1817
1827
1834
1841
1854
1855
1860
1861
1871
1885
1900
1928
1934
1941
1961
1963
1972
1975
1985
2052
2068
2090
2093
2112
2166
2167
2168
2172
2210
2213
2216
2238
2266
2270
2290
2310
2327
2330
2342
2360
2369
2416
2443
2463
2470
2472
2508
2524
2533
2571
2595
2598
2616
2627
2628
2629
2635
2636
2641
2642
2651
2666
2672
2683
2700
2707
2712
2713
2714
2727
2737
2741
2760
2761
2762
2763
2770
2772
2782
2783
2837
2848
2851
2881
2888
2890
2893
2897
2906
2907
2939
2939
2941
2945
2948
2957
2961
2967
2969
2970
2994
2999
3011
3017
3022
3030
3037
3048
3051
3054
3058
3070
3071
3093
3097
3100
3117
3119
3133
3146
3186
3189
3190
3193
3200
3228
3235
3251
3258
3294
3307
3343
3345
3360
3361
3391
3396
3399
3400
3408
3424
3435
3436
3449
3459
3460
3471
3478
3479
3511
3515
3520
3545
3556
3576
3601
3621
3651
3660
3674
3685
3704
3718
3742
3743
3750
3757
3765
3779
3822
3825
3875
3884
3893
3911
3918
3927
3932
3964
3966
3980
3997
4014
4054
4060
4078
4101
4118
4119
4126
4140
4146
4150
4156
4158
4164
4174
4182
4189
4200
4213
4222
4230
4243
4262
4264
4306
4310
4325
4333
4338
4345
4352
4362
4379
4387
4399
4401
4416
4417
4418
4419
4427
4432
4445
4449
4467
4471
4478
4481
4502
4503
4505
4519
4526
4543
4547
4556
4561
4565
4567
4585
4587
4606
4612
4615
4637
4638
4639
4640
4645
4646
4655
4658
4676
4686
4699
4703
4712
4719
4720
4731
4741
4748
4757
4775
4776
4781
4782
4783
4784
4794
4798
4800
4807
4833
4843
4844
4845
4848
4850
4867
4868
4872
4879
4883
4904
4907
4915
4916
4917
4919
4927
4939
4950
4956
4970
4972
4982
4983
4984
4986
4992
4997
5015
5016
5026
5043
5050
5052
5056
5073
5090
5094
5115
5117
5132
5133
5141
5142
5150
5155
5164
5199
5200
5210
5211
5225
5231
5247
5261
5263
5280
5288
5321
5337
5347
5348
5372
5395
5407
5410
5411
5424
5430
5432
5462
5471
5550
5551
5552
5879
