1
3
7
10
20
21
24
27
39
51
79
85
90
111
605
826
827
934
975
999
1046
1147
1197
1301
1543
1608
1650
1716
1776
1786
1787
1798
1894
1902
1958
2041
2043
2060
2061
2063
2108
2111
2154
2172
2204
2218
2222
2255
2282
2283
2295
2297
2313
2335
2439
2440
2444
2450
2462
2479
2515
2534
2538
2540
2551
2575
2584
2585
2603
2606
2608
2609
2610
2626
2641
2676
2698
2727
2729
2743
2759
2774
2795
2805
2807
2816
2859
2969
2977
3000
3055
3091
3173
3205
3236
3263
3282
3292
3303
3317
3324
3325
3333
3343
3351
3354
3363
3398
3404
3421
3434
3444
3464
3486
3502
3509
3546
3567
3580
3633
3641
3642
3651
3656
3683
3712
3748
3763
3765
3777
3789
3806
3821
3824
3829
3875
3892
3904
3905
3916
3917
3919
3930
3942
3947
3948
3951
3990
3994
3995
3996
4000
4011
4015
4023
4034
4035
4040
4046
4048
4049
4050
4057
4119
4136
4167
4181
4257
4289
4303
4337
4338
4370
4387
4388
4389
4390
4391
4392
4393
4394
4395
4425
4439
4440
4453
4460
4473
4476
4477
4537
4573
4580
4612
4660
4694
4714
4717
4736
4769
4774
4788
4904
4930
4955
4962
4968
4970
4975
4985
4986
4998
5010
5030
5036
5043
5138
5168
5176
5191
5192
5200
5208
5224
5229
5235
5269
5288
5295
5338
5340
5341
5359
5369
5371
5381
5391
5400
5410
5424
5451
5461
5481
5487
5496
5505
5507
5537
5546
5604
5612
5615
5625
5651
5737
5741
5805
5824
5829
5858
5860
5862
5892
5935
5949
5973
5976
5980
6021
6029
6070
6075
6081
6086
6121
6152
6218
6219
6228
6233
6257
6285
6291
6308
6331
6380
6386
6390
6410
6413
6417
6418
6440
6515
6520
6554
6571
6585
6593
6613
6614
6619
6627
6628
6629
6630
6635
6667
6672
6686
6692
6702
6704
6711
6721
6755
6768
6777
6790
6796
6800
6811
6837
6839
6846
6863
6865
6868
6883
6888
6899
6915
6919
6933
6940
6942
6956
6959
6974
6975
6979
6982
7010
7018
7020
7036
7039
7072
7084
7085
7099
7102
7103
7104
7110
7112
7113
7114
7115
7126
7141
7152
7153
7203
7204
7217
7218
7230
7235
7244
7262
7265
7281
7287
7299
7301
7305
7321
7325
7394
7418
7425
7428
7458
7466
7471
7474
7477
7478
7511
7531
7536
7540
7542
7548
7554
7583
7584
7590
7591
7592
7593
7626
7631
7664
7665
7666
7668
7674
7682
7702
7724
7745
7765
7776
7779
7786
7817
7831
7854
7857
7859
7865
7873
7878
7893
7919
7939
7941
7956
7974
7998
8061
8087
8105
8112
8117
8146
8188
8189
8195
8202
8298
8378
8379
8388
8406
8501
