5
10
190
193
250
256
271
354
397
403
471
544
600
606
616
653
662
667
686
687
728
732
852
946
1004
1033
1042
1052
1053
1107
1280
1281
1307
1317
1389
1408
1418
1446
1516
1614
1713
1772
1783
1789
1803
1932
1953
2012
2020
2128
2167
2253
2271
2349
2384
2453
2454
2455
2459
2611
2703
2754
2766
2803
3001
3237
3274
3421
3495
3504
3549
3569
3570
3589
3595
3660
3661
3678
3708
3709
3711
3861
3901
3929
3930
3931
3961
4046
