2
3
6
7
9
10
14
23
25
37
43
91
108
109
111
114
115
190
199
210
230
233
237
239
240
241
245
261
262
265
271
292
295
299
300
330
349
350
351
390
411
413
414
423
428
429
440
446
450
480
493
496
497
503
505
506
507
522
523
525
527
535
544
562
566
568
570
584
586
588
598
600
611
623
631
640
643
658
662
670
673
678
685
688
689
691
702
703
709
712
717
721
737
748
755
756
760
796
802
832
835
837
855
865
869
870
878
885
901
903
914
917
918
932
961
975
985
988
1007
1019
1030
1037
1039
1064
1075
1076
1097
1110
1123
1125
1135
1140
1141
1143
1144
1146
1147
1148
1149
1156
1157
1159
1177
1187
1188
1204
1246
1250
1270
1280
1291
1300
1308
1309
1310
1319
1340
1347
1382
1386
1390
1393
1403
1419
1442
1444
1457
1458
1459
1460
1461
1462
1463
1464
1465
1468
1477
1480
1482
1530
1612
1615
1625
1640
1647
1648
1649
1650
1654
1656
1658
1679
1691
1699
1710
1717
1720
1722
1724
1725
1756
1757
1775
1782
1784
1790
1798
1806
1812
1816
1839
1843
1858
1871
1873
1878
1879
1882
1905
1916
1918
1946
1965
1981
1991
1996
2009
2012
2018
2031
2033
2043
2076
2080
2094
2096
2134
2147
2153
2156
2160
2163
2177
2181
2189
2216
2222
2238
2240
2245
2248
2251
2253
2269
2271
2284
2320
2330
2332
2337
2352
2357
2358
2363
2375
2377
2385
2387
2392
2412
2422
2427
2441
2443
2460
2470
2475
2483
2489
2490
2492
2511
2527
2530
2534
2574
2578
2585
2587
2589
2597
2620
2622
2648
2649
2665
2666
2675
2698
2705
2711
2714
2716
2718
2719
2720
2725
2726
2727
2728
2730
2774
2827
2830
2840
2880
2884
2885
2898
2926
2939
2973
2980
2995
3027
3028
3058
3059
3074
3089
3116
3152
3473
