47
54
146
150
162
209
264
330
336
374
407
480
540
582
601
649
681
689
716
743
744
761
815
866
953
954
959
987
1001
1003
1013
1020
1094
1188
1197
1215
1217
1238
1241
1243
1244
1245
1273
1283
1284
1329
1356
1357
1371
1372
1392
1410
1429
1431
1486
1551
1599
1612
1627
1631
1670
1681
1696
1720
1807
1845
1857
1871
1875
1881
1900
2000
2110
2124
2157
2199
2213
2223
2244
2260
2262
2270
2280
2322
2389
2410
2437
2438
2444
2450
2499
2534
2609
2638
2648
2685
2709
2810
