4
6
7
8
10
25
39
53
75
104
216
219
261
270
279
295
298
318
342
343
360
363
377
404
414
417
442
462
472
474
493
495
507
512
522
543
547
562
569
610
621
644
648
672
714
717
738
747
759
772
778
783
830
847
858
896
903
909
923
936
947
949
955
967
981
1004
1005
1019
1022
1023
1024
1026
1032
1033
1034
1048
1061
1076
1093
1096
1133
1139
1145
1149
1150
1156
1173
1174
1180
1186
1204
1216
1228
1237
1244
1250
1258
1260
1269
1292
1294
1297
1301
1303
1311
1317
1401
1414
1415
1422
1454
1473
1482
1492
1502
1519
1530
1573
1575
1601
1618
1619
1645
1663
1668
1720
1723
1728
1768
1769
1812
1868
1873
1882
1888
1889
1890
1914
1981
2036
2037
2052
2057
2067
2073
2112
2132
2137
2138
2151
2159
2160
2168
2176
2206
2221
2237
2260
2271
2279
2286
2287
2307
2312
2323
2330
2333
2334
2392
2400
2440
2494
