1
108
135
155
177
178
230
264
269
289
318
356
358
421
435
467
497
499
502
512
524
551
625
632
662
667
683
697
731
754
764
1016
1035
1123
1137
1140
1177
1332
1356
1376
1410
1454
1484
1558
1562
1598
1645
1659
1668
1682
1695
1714
1725
1732
1765
1779
1800
1806
1858
1881
1945
2012
2040
2045
2051
2075
2102
2119
2123
2145
2146
2165
2193
2270
2272
2300
2302
2323
2328
2344
2579
2806
2837
2844
2912
2943
3000
3014
3100
3205
