1
5
17
24
26
32
38
44
47
49
53
55
64
66
89
96
118
119
121
126
144
145
147
215
216
242
267
268
271
272
273
287
336
338
366
372
373
376
384
416
418
422
431
443
445
450
457
461
467
476
500
504
518
528
529
531
540
543
544
547
549
563
564
578
602
607
612
615
626
639
663
668
672
675
684
690
695
700
724
726
757
768
769
771
772
773
774
800
804
809
817
820
821
822
837
861
863
869
888
893
894
905
910
914
919
948
951
958
967
973
974
979
996
1001
1003
1008
1013
1017
1033
1037
1059
1069
1080
1084
1087
1096
1097
1098
1099
1100
1102
1108
1117
1129
1132
1133
1142
1146
1189
1192
1201
1227
1230
1256
1264
1267
1285
1286
1288
1291
1297
1300
1306
1323
1324
1329
1330
1338
1340
1341
1342
1347
1388
1400
1407
1426
1469
1495
1515
1529
1530
1531
1535
1538
1578
1591
1609
1610
1630
1646
1650
1651
1660
1668
1678
1691
1701
1714
1715
1718
1721
1722
1739
1756
1757
1762
1763
1764
1765
1787
1822
1841
1851
1852
1872
1876
1887
1892
1913
1917
1948
1967
1970
1971
1982
2006
2031
2038
2039
2040
2048
2062
2085
2125
2134
2155
2163
2166
2174
2181
2204
2211
2217
2222
2248
2301
2303
2324
2335
2336
2341
2346
2358
2374
2416
2436
2446
2458
2459
2463
2489
2490
2496
2499
2505
2507
2514
2521
2522
2526
2527
2537
2539
2565
2568
2570
2572
2574
2582
2583
2601
2603
2606
2607
2614
2615
2616
2623
2624
2625
2626
2649
2650
2688
2706
2713
2722
2723
2732
2736
2746
2748
2773
2776
2793
2796
2808
2819
2821
2836
2846
2851
2852
2853
2878
2892
2910
2914
2926
3019
3024
3026
3069
