1
27
136
143
149
180
235
248
304
350
357
358
388
389
407
420
487
517
565
592
596
597
598
599
625
643
778
812
838
953
1008
1050
1052
1077
1084
1135
1171
1172
1178
1191
1209
1214
1215
1216
1218
1246
1364
1372
1398
1401
1428
1438
1447
1449
1450
1454
1460
1465
1510
1530
1533
1534
1536
1543
1571
1628
1731
1754
1765
1766
1789
1803
1867
1899
1924
1945
1971
1974
1991
1992
2043
2076
2119
2237
2394
2430
2439
2448
2452
2498
2506
2514
2520
2525
2551
2578
2600
2625
2673
2708
2709
2720
2740
2758
2766
2778
2779
2784
2797
2801
2808
2809
2896
2949
3018
3099
